0 1 0.266203703125 0.9989151875 0.1070601859375 0.9142998296875 0.057870370312499995 0.83944778125 0.14467592499999998 0.869822525 0.208333334375 0.8687377125 0.285011575 1 0.266203703125
0 0.8508189109375 0.24160879687499998 0.8725151562500001 0.1808449078125 0.8453948484374999 0.1533564828125 0.8302074765624999 0.24016203749999998 0.8508189109375 0.24160879687499998
0 0.8085112296875 0.338541665625 0.8356315375 0.2922453703125 0.8131069609375 0.261863425 0.7857301718749999 0.3153935171875 0.8085112296875 0.338541665625
0 0.9408583296874999 0.6495949078125001 0.99943819375 0.520833334375 0.99726856875 0.4933449078125 0.9734026968749999 0.4904513890625 0.919162084375 0.638020834375 0.9408583296874999 0.6495949078125001
0 0.854073346875 0.6524884265625001 0.854073346875 0.6307870375 0.5926335859375 0.6524884265625001 0.5969728359375 0.671296296875 0.854073346875 0.6524884265625001
0 0.8801088421875001 0.6857638890625 0.9039747109375 0.7132523140625 0.92458614375 0.6698495375 0.8782111265625 0.632233796875 0.8529885359374999 0.6640625 0.68484263125 0.6756365734374999 0.68050338125 0.7002314828125 0.843225225 0.6944444453124999 0.8801088421875001 0.6857638890625
0 0.5449018453125001 0.8203125 0.7119629375 0.7971643515625 0.843225225 0.7653356484375 0.8369784875 0.7335069453124999 0.7770516734374999 0.755208334375 0.6457893890624999 0.7913773140625 0.4928308546875 0.7971643515625 0.4808979203125 0.8101851859375 0.5449018453125001 0.8203125
0 0.18582897812500002 0.7754629625 0.3062431421875 0.8145254625 0.3843496265625 0.8232060171875 0.39519775 0.8058449078125 0.1673871703125 0.7479745375 0.18582897812500002 0.7754629625
0 0.4049484609375 0.9013310171875 0.450523178125 0.8492476859375 0.4754776875 0.6798321765625001 0.4516079875 0.671296296875 0.4320813671875 0.8304398140625 0.4049484609375 0.9013310171875
0 0.3986104328125 0.833333334375 0.313836828125 0.827546296875 0.2530873421875 0.7986111109375 0.1999315390625 0.78125 0.19125304062499998 0.7899305546875001 0.3062431421875 0.8405671296874999 0.399537 0.8564814828125 0.3986104328125 0.833333334375
0 0.7021996265625 0.10416666562500002 0.68158819375 0.085358796875 0.5882943375 0.0737847234375 0.6251779546875 0.13454861093749998 0.7021996265625 0.10416666562500002