0 0.9169798578125 0.24016203749999998 0.8453822484375 0.2242476859375 0.7878871968750001 0.24160879687499998 0.752088390625 0.2951388890625 0.7683605765625 0.3457754625 0.8160923171875 0.377604165625 0.86707849375 0.3819444453125 0.910470984375 0.3747106484375 0.9137254218749999 0.3096064828125 0.9169798578125 0.271990740625 0.9169798578125 0.24016203749999998
0 0.29429760781250003 0.4499421296875 0.3984395859375 0.41811342656250006 0.5004119421875 0.4152199078125 0.6186564796875 0.392071759375 0.7629365140625 0.377604165625 0.757512453125 0.35590277656249997 0.7119503359375 0.350115740625 0.6056387328125 0.3602430546875 0.4613586984375 0.389178240625 0.336605284375 0.4050925921875 0.29429760781250003 0.4499421296875
0 0.55031330625 0.44270833437499996 0.6696426578125 0.4137731484375 0.7553428281250001 0.41811342656250006 0.7716150125000001 0.3935185171875 0.7011022125 0.38628472343750003 0.5730943625 0.4108796296875 0.4027788359375 0.4441550921875 0.3279267875 0.4730902765625 0.31707866406249996 0.4904513890625 0.36372559375 0.47598379687500003 0.46244351093749997 0.45862268593750005 0.55031330625 0.44270833437499996
0 0.8681633046874999 0.4861111109375 0.877926615625 0.44270833437499996 0.8605696187499999 0.42390046249999996 0.8356189374999999 0.428240740625 0.8106682546874999 0.43836805468750006 0.7943960703124999 0.4716435171875 0.8204315640625 0.4890046296875 0.8681633046874999 0.4861111109375
0 0.7108655234375 0.572916665625 0.67181228125 0.623553240625 0.6501160375 0.6553819453124999 0.630589415625 0.6799768515625 0.6501160375 0.695891203125 0.6826604046875 0.6684027765625 0.6956781515625 0.6423611109375 0.7390706453125 0.6148726859375 0.756427640625 0.584490740625 0.7488339546875 0.5570023140625 0.781378321875 0.4846643515625 0.79982013125 0.41666666562500004 0.782463134375 0.3964120375 0.7640213265625 0.4340277765625 0.7553428281250001 0.47887731406249995 0.7336465828125001 0.5309606484375 0.7108655234375 0.572916665625
0 0.0068223515625 0.578703703125 0.0068223515625 0.5946180546875001 0.0881832734375 0.5888310171875 0.180392315625 0.5830439828125 0.254159553125 0.5772569453124999 0.24778577968749999 0.5425347234375 0.0068223515625 0.578703703125
0 0.7954808828125 0.5975115734374999 0.8388733734375 0.5888310171875 0.8356189374999999 0.554108796875 0.8182619421874999 0.554108796875 0.7943960703124999 0.5671296296875 0.7618517015624999 0.578703703125 0.756427640625 0.6061921296875 0.7954808828125 0.5975115734374999
0 0.6848300296875001 0.6148726859375 0.6956781515625 0.5815972234375 0.6869996546875 0.5526620375 0.6381831015625 0.5584490734374999 0.6034691078125001 0.598958334375 0.516684125 0.6004050921874999 0.4515953890625 0.6061921296875 0.3908459 0.617766203125 0.36605835 0.6192129625 0.3713192796875 0.651041665625 0.44617132656249997 0.6452546296875 0.5199385624999999 0.6409143515625 0.5947906093750001 0.6423611109375 0.658794534375 0.6553819453124999 0.6848300296875001 0.6148726859375
0 0.2595836125 0.6539351859375 0.31273941562499996 0.6438078703125 0.34962303281249996 0.6278935171875 0.34528378593750003 0.6032986109375 0.285619109375 0.6047453703125 0.1684593828125 0.6365740734374999 0.0534692796875 0.671296296875 0.0035679140625 0.701678240625 0.0100767890625 0.7204861109375 0.058893342187499996 0.7089120375 0.16412013281249999 0.6756365734374999 0.2595836125 0.6539351859375
0 0.7401554546875 0.703125 0.729307334375 0.6741898140625 0.7108655234375 0.662615740625 0.6869996546875 0.6698495375 0.67181228125 0.6915509265625001 0.67832115625 0.7132523140625 0.706526275 0.7175925921874999 0.7401554546875 0.703125
0 0.36481040625 0.6929976859375 0.384337028125 0.6698495375 0.36481040625 0.656828703125 0.34528378593750003 0.6539351859375 0.3279267875 0.6857638890625 0.31273941562499996 0.6944444453124999 0.2932127953125 0.7175925921874999 0.2595836125 0.734953703125 0.2747709859375 0.7479745375 0.308400165625 0.7233796296875 0.336605284375 0.7060185171875 0.36481040625 0.6929976859375
0 0.09360733437499999 0.7783564828125 0.1467631359375 0.7725694453124999 0.2096822484375 0.7725694453124999 0.2726013609375 0.7725694453124999 0.286703921875 0.7523148140625 0.260668425 0.743634259375 0.2085974375 0.7479745375 0.1315757640625 0.7566550921874999 0.063232590625 0.7581018515625 0.0068223515625 0.7783564828125 0.0111616015625 0.7899305546875001 0.046960406249999996 0.7870370375 0.09360733437499999 0.7783564828125
0 0.726052896875 0.7609953703125 0.6848300296875001 0.7667824078125001 0.6891692796875 0.7928240734374999 0.7108655234375 0.788483796875 0.726052896875 0.7609953703125