0 0.5963109125 0.42121270781250003 0.5828996734375 0.43552142031249996 0.60435765625 0.4453586578125 0.6586731703125001 0.431049946875 0.6848250859375 0.4238955890625 0.6808017125 0.41495264687500005 0.6593437328125 0.4095868796875 0.5963109125 0.42121270781250003
0 0.7089653140625 0.50259350625 0.7116475609374999 0.490967678125 0.67476665625 0.47397608281250003 0.615086646875 0.44983013125 0.5661356265624999 0.43552142031249996 0.5487010171875 0.43194424218750005 0.5247447609375 0.42926135781249997 0.5259019125 0.4471472484375 0.5721706828124999 0.4489358359375 0.65196755 0.4766589671875 0.7089653140625 0.50259350625
0 0.4762803296875 0.468610315625 0.520537415625 0.4516187203125 0.515172921875 0.432838534375 0.46488077812500006 0.45609019375 0.408553578125 0.485601909375 0.34753244375 0.505276390625 0.322187059375 0.5124307453125 0.322051090625 0.5312109296874999 0.335462328125 0.5303166359375 0.39380121562500003 0.5070649781250001 0.4762803296875 0.468610315625
0 0.628497884375 0.4650331375 0.598322596875 0.47308178749999996 0.5540655109375 0.489179090625 0.5165140453125 0.4963334453125 0.492373815625 0.5133250406250001 0.49170325468750004 0.5562511765625 0.4642102171875 0.5821857171875 0.4340349296875 0.5866571890625 0.42330593906249997 0.5991773125 0.436717178125 0.626006146875 0.46488077812500006 0.637631975 0.592958103125 0.6152746140625001 0.662696540625 0.5759256546875 0.7076241890625 0.5419424640625 0.7183531796875 0.5276337515625 0.6613554171875 0.48291902656249996 0.628497884375 0.4650331375
0 0.4279998734375 0.6564121609375 0.41928256875000003 0.6331605015624999 0.39044840625 0.5920229546875 0.3562497484375 0.551779703125 0.31735715781249996 0.522267984375 0.28114681406250003 0.5124307453125 0.2543243375 0.5195851015625 0.23432262499999998 0.49543915 0.23353691875 0.5115364515625 0.2402425375 0.51869080625 0.257677146875 0.5419424640625 0.3026047953125 0.5571454703125001 0.342838509375 0.588445778125 0.37636660625 0.6233232640625 0.42665875 0.6742980484375 0.4279998734375 0.6564121609375
0 0.5721706828124999 0.603648784375 0.50377336875 0.6286890296875 0.4628690921875 0.637631975 0.4581751578125 0.6546235703125001 0.4682335875 0.6921839390625 0.507796740625 0.7190127734375 0.5647945015625 0.7136470078125 0.6714138468749999 0.6617779265625 0.7250587984375 0.6161689078125 0.7304232953125 0.5759256546875 0.7223765531249999 0.5419424640625 0.715000371875 0.5276337515625 0.658002609375 0.5759256546875 0.5721706828124999 0.603648784375
0 0.4568340359375 0.6474692140625 0.42145374843749994 0.642103446875 0.42464706249999995 0.6698265765625 0.437387740625 0.6832409937499999 0.4642102171875 0.6760866390625 0.4568340359375 0.6474692140625
0 0.2277071 0.6725 0.22941921875000001 0.7222222234375 0.3106499625 0.7402777781250001 0.356472434375 0.7472222234375 0.4366605234375 0.7444444453125 0.348139840625 0.729166665625 0.3221043453125 0.7138888890625 0.27524045468749997 0.695833334375 0.2277071 0.6725
0 0.2736878140625 0.82597121875 0.27986260625 0.823088965625 0.2638081484375 0.777796425 0.24651873281249997 0.736209640625 0.2381827640625 0.730445134375 0.2492973890625 0.7675026671875 0.2653518453125 0.808677703125 0.2736878140625 0.82597121875
0 0.34161052187499996 0.79756044375 0.3487115328125 0.8119717046874999 0.3789680109375 0.8144422078125 0.380511709375 0.8074424515624999 0.34161052187499996 0.79756044375
0 0.35396010625 0.8255594671875001 0.3252908234375 0.8185597109374999 0.3237036265625 0.8309122234374999 0.335126990625 0.8333827250000001 0.354577584375 0.832147471875 0.35396010625 0.8255594671875001
0 0.3598261578125 0.9354968124999999 0.39286129375 0.9375555640625001 0.39224381406250003 0.92726180625 0.35025523125 0.9206738015625 0.3194233828125 0.9124387921875 0.3184550546875 0.9210855515624999 0.3345095109375 0.9280853062500001 0.3598261578125 0.9354968124999999